$ANSIBLE_VAULT;1.1;AES256
36366538313138363737653136323264383465623635643264613231396663623633323634383066
3831626432316461663363636330623735363734353865330a343761356166333336333866616633
32336234313933373838616535666161393361386163396334613133656462356461306136396161
3234666464643863380a306336363832366638623133653461303237623466393662623839373231
63323061383234363062383135653735346136623939323632613338343332653534323365326133
64613837386639353137353164393034356536666266303965396530643764356564633739656538
34343330303833663633623964333361363461396161633238313163643835633062376366616332
66303631376439316137313130396132303362663932323162643835363634333933333666396664
62613266313030396464383437376533323336656630363164363165646133356234323137646332
65373739353931306336626434623631376163333636353832346661303163393330396262623764
64663936356234656332353361636338366337373534383733623232646633613133333763346333
36336632333831613138626335323435613261346535393934353563353664623132363736636338
63306633393165363435396134666566343331306566396133323963633538613538633039663936
38353964613265626332653235666461393831343964323030323364643737353731663362353533
65313838346634363965636237356538653463623266396630633633656465366637363061633939
36393761373039303163333235366664303030316130396664666230633638396130383034323130
62303431333732666339396165393234626630373936626562646266306630616232326632366232
38316439326165653636653635326339653062613831373966346661393034343161316563363336
32623332653162393361343934363536346634656135663764366261633533313661626565396439
38393035613838383530636432393030346436383134376561376137373464653031653061333837
63356234663839383965643934336464343362386337353730373866323665663635646661393239
65653137613965646263303035356335643732373733393732336136373230363132626335646365
36376364663836383532353264396465356533316130366239633533633464616362353437373863
64626363306330306261616663316561343334343636333363626334323033613831323061363565
65646330316238336465616361613265396135383761646465616666373730626137343635313163
61393361393838366634373665656639383832646232633937313436636464303461366639366536
64333965633037613735353736636430616362666430393536303762363930613466633534386436
62653166633264363938316431383837653935316531386362323138373234613333643032393232
39333931393266343966633332633232336531326363333131643433306164336635363464666537
63643233393131353061626437313830373134306134623032313565323063333531363635616636
30366637333565353931636663303238613961386364316330636564386239396531306635633964
64383135663439633564646262343566643539323231333138636334396366363433306133376561
33333036656339326466313439356336333661663565666135366239663862663930393735623765
36363836336336623766336566623838303830346365616565373335323831303032613333353734
35656432313963633839626637356137643230393137643339376365353661613665313636306435
64333436353232363238633862356137663036366532633739333966386634306265353464393739
35643165336433663238396663396330323739353664643137393963366535316539323833643234
61373332303530626166373966646464613534393531653435386130343239303166316261336362
35366139323039643633396266623039333562633865393039363331353534633263623462383164
33343039356136303135396465313661393436333834353935376334623437326563366163623966
61306633346164376530656161666662373937333832663235353865643533373432616537626566
33623333396232636263376262346339393932353933346238393333333337626663633832353365
62373963353663343534616430393966616362623330613532623139303261386663313366323361
35313233616132326261386261653138386135643134336565613733633766613836663834376263
34616663343639353062666462636161353737623066333330383764653535656237333034636239
39653435613165353734323035633734393532313239326334353564643130303631383338666236
37323434373234666262343461643137316135343566626333396431393838663263663763366230
33643462336137363639353664343433386431303639666535353230346532333262653838306439
39373032373833376336663735396332623938366333663539323133636565353937366638316165
35333737646531616261383164346438353635346663653264376566366533653961653939623131
35653564313537636439666138303935393265323432396134373865303738636333623961356632
36623333323037323732346130616431643166626535653137373061646238326238623134373061
63343432333837323462343935346439663366386534376335353133636133356635373836616530
62323134326535383137316262653030343239386632396464373833323964353631383632323237
62353031633963353164393531323166356435643634616663346366323163353561313063343863
66356565616261626534393463626235363831616161616233656564666566633661663337336263
66316635666230363261346538653164643036633439343236643136623338376435323239363633
65616334326139636638373730376135323232623534306234363230353766313636303138303131
64313863616639663865613432346335336537333839626461366661366633626132346339333232
39653737346339333733346438363137646235323463303238366666653561353438633936313564
30366538616135323865346131653333306238626462613066316133323961663866356436383836
64333639373630386532313539383366656633376630306265626532333966373061656465303763
66303833393863643439303361616236323930333637623433316162356534356663643335636633
35623631653938616638366335316264613537653137366634313638663438653466623839376233
37656432353263316231366165333164643766383434613836383762356163666365386334376166
65613933626161353561366133383436326636366666613634633236386138383263353931636235
31663132356437306334396332373838663031356535643063636539323335346261326130333061
62326330656639666230386464636632303637373139376162633563653461356631306438623132
63663236663138633732353466616639656338346633303766336162333839663561636463393361
38306435623135656161346532303865396239356361303136373232636262346434343137643265
31356134663666626636656163613036613565653265306333646532306133356231383432356636
61343438386261386530633161376338343439346366303338316132343764646638343232343935
30393864353934303665383630356435326262313164313732316334336163613061373637343834
35636234353035333561666633323164323232656235336461306433366239363163633739393062
30396431373465623931303930373838326138666664616561646330383031393865393935346433
34303337623934653738353338663963653330383062393363656437316162666164303936393865
38306631626136643331316165313935353339333432633961346238333231653238336438343931
36376335663031656564323762333231393837643266623332643361346430383638643865316632
31373965663361316633313030613538633064323866343166643832363063643363346439316363
65383364373763636133306535303231616235353333623465303336376265316434353830386263
63373562353166313136326630313963346363346336633162663638386336656634353831366565
64393535656365373230373765336662323330363034666332336138316663386539643766313830
64336138646533363436613963616539366338336439386337653831366364303433326463313030
39316636373533383031306463333632323762306236353836613230613634633565396533643437
34326361666664653166396164386130383263306366393037343362643731613434646331663465
31626138653764663639393866663861653539323165613136373837393938376438343936373831
64383737646132336364383831313534333761366464316362376439363536343866393365343438
30643933393930393332353833383538656332306363356635353431353538363034613863323237
33393561363565343462313132376433616166356633373537666462373138663139326232663538
33613334363137353831623662363939613634306164653732343136626664333832633839626439
65383337646538633435666162373037393366303265386530346462636263663162323135363030
62666237636566343335343165343761613137636531363838333232326562333038323463656438
63656264336663373531353763333366396361333637643363653161393563343637623464643262
33346662643337326139376465386137376638316338353634623266316266656236656131656365
36663632383439396264376663333234636261376233666266303565613131373633646339373230
31643836376264376562643037663333333263643230303862353832386364376237663565666364
35343265336530353330383261633035346232643634656163613738396533376363653464663039
34616566386438303932643964633230393463343566623434646132346636383137636533353434
30383138373935666333383930396537646434313334653632333132336161636439303637366465
64656535393437396638613463353636333064633232356361383439623364383732633064636266
38333534326132306535656533666134616436306530333961313830346538633964653365336463
31323036616363363066633431336464356232653934366538633765373334653338373263333632
33396664353933666139653237366439303935613335373733363531346165333732356633653561
35313262623839663530346465346537376566353561633430663236323336623934616263316635
31303733626536366131336537643739646661376237363734383130373064653934366138623730
62383564303539613139616166313731346164616366373562646466353763623831316562653062
38356535653033366566353765376437303136336562356432653139323738376633623233366432
33623865623034323435646339303034383132663836316462633437323864353861616137343236
34353935393031363238666332653930623038333266353132383731303132633335373963613539
33646562316633396562323463366166613431613364306464613466383436613264643763373265
65363738666230353137656532383834653362306466316661373062613765653064393563306232
65366234323937393639343336356639643761373030666265626161663162346565336661323465
36626535636361303333326634376665386166383466653866613935303934633239333234303339
64313430333234313637656334646131666531363866343066653436653633623830383335366331
66636233643534653239656438333232656137383265346233653465666536383938363130336661
34623461326134363866303731653738623335376438306533326333623832383838393661373461
33623861666436326563643030333334303964666331396436613562396661333236333339386461
61616330306432363362303262343365336364643230373064613333656330666539653538396234
35383561323335376365373035633034666361656139356335666537366130393134303237313965
62623436383961303230336136306635653434353238653334323563396538303033343932313036
39303738656162333637616331386537643132383765363730643835376337393439323431386362
35323761343133313863633938623134376333653863393331366431326331326365373933313465
32623563616562623837613534363035363531356139303939363039366363363663316232373631
32643463643930326431376462333561343836616562303930643536643762326436663838343937
39313663313933383731613130373665326664366164313036323961303436663663653763663166
37343636333432363831383530356166336138363837393134393431663039363930343630373132
61616463343261373462336338613063383562396566316636613337343937396465313233366361
62616239393966373032393932343461316536643061303731393135353830383633653532653966
32323430326662373238393336333837313532313834306437383139666263323436363561353538
31323761323863636536376334383566373261356666646333613662323964313339376662363166
35343862393232346339303862333965373230376463656433336665373334396130373233326639
63303765393034306337636663343433656362343232323631393434353132613861353064386235
61653265326330363062373833303863386238396434613830306635653163316361333238623434
3466666465313065323531333739383263386136363738313739
